image: obstacle_map.pgm
resolution: 0.050000
origin: [-8.820280, -5.309311, 0.000000]
negate: 0
occupied_thresh: 0.65
free_thresh: 0.196

